    0     3.55000000     0.88090316    -0.88090316
    1     3.60000000     0.80875326    -0.80875326
    2     3.65000000     0.74523812    -0.74523812
    3     3.70000000     0.68866792    -0.68866792
    4     3.75000000     0.63775679    -0.63775679
    5     3.80000000     0.59150828    -0.59150828
    6     3.85000000     0.54913762    -0.54913762
    7     3.90000000     0.51001771    -0.51001771
    8     3.95000000     0.47364079    -0.47364079
    9     4.00000000     0.43959073    -0.43959073
   10     4.05000000     0.40752258    -0.40752258
   11     4.10000000     0.37714736    -0.37714736
   12     4.15000000     0.34822051    -0.34822051
   13     4.20000000     0.32053299    -0.32053299
   14     4.25000000     0.29390440    -0.29390440
   15     4.30000000     0.26817754    -0.26817754
   16     4.35000000     0.24321408    -0.24321408
   17     4.40000000     0.21889110    -0.21889110
   18     4.45000000     0.19509823    -0.19509823
   19     4.50000000     0.17173536    -0.17173536
   20     4.55000000     0.14871062    -0.14871062
   21     4.60000000     0.12593878    -0.12593878
   22     4.65000000     0.10333982    -0.10333982
   23     4.70000000     0.08083767    -0.08083767
   24     4.75000000     0.05835907    -0.05835907
   25     4.80000000     0.03583264    -0.03583264
   26     4.85000000     0.01318782    -0.01318782
   27     4.90000000    -0.00964596     0.00964596
   28     4.87500000     0.00179899    -0.00179899
   29     4.90000000    -0.00964596     0.00964596
   30     4.88750000    -0.00391592     0.00391592
   31     4.88125000    -0.00105664     0.00105664
   32     4.87812500     0.00037162    -0.00037162
   33     4.88125000    -0.00105664     0.00105664
   34     4.87968750    -0.00034240     0.00034240
   35     4.87890625     0.00001464    -0.00001464
   36     4.87968750    -0.00034240     0.00034240
   37     4.87929687    -0.00016387     0.00016387
   38     4.87910156    -0.00007461     0.00007461
   39     4.87900391    -0.00002999     0.00002999
   40     4.87895508    -0.00000767     0.00000767
   41     4.87893066     0.00000348    -0.00000348
   42     4.87895508    -0.00000767     0.00000767
   43     4.87894287    -0.00000210     0.00000210
   44     4.87893677     0.00000069    -0.00000069
   45     4.87894287    -0.00000210     0.00000210
   46     4.87893982    -0.00000070     0.00000070
   47     4.87893829    -0.00000000     0.00000000
   48     4.87893753     0.00000035    -0.00000035
   49     4.87893829    -0.00000000     0.00000000
   50     4.87893791     0.00000017    -0.00000017
   51     4.87893829    -0.00000000     0.00000000
   52     4.87893810     0.00000008    -0.00000008
   53     4.87893829    -0.00000000     0.00000000
   54     4.87893820     0.00000004    -0.00000004
   55     4.87893829    -0.00000000     0.00000000
   56     4.87893825     0.00000002    -0.00000002
   57     4.87893829    -0.00000000     0.00000000
   58     4.87893827     0.00000001    -0.00000001
   59     4.87893829    -0.00000000     0.00000000
   60     4.87893828     0.00000000    -0.00000000
   61     4.87893829    -0.00000000     0.00000000
   62     4.87893829    -0.00000000     0.00000000
   63     4.87893828     0.00000000    -0.00000000
   64     4.87893829    -0.00000000     0.00000000
   65     4.87893829     0.00000000    -0.00000000
   66     4.87893829    -0.00000000     0.00000000
   67     4.87893829    -0.00000000     0.00000000
   68     4.87893829    -0.00000000     0.00000000
   69     4.87893829     0.00000000    -0.00000000
   70     4.87893829    -0.00000000     0.00000000
