 Integral =  0.78532588425970962      Exato =  0.78539816339744828     
 Erro estimado:  5.08442533378717951E-005 Erro obtido:  7.22791377386622358E-005
 N =    10000000
